1    method
1    diffusion coefficient
-0.5    order
1    focus
0.5    t1
5    t2
120    nz
0.1    theta
0.001    dx
0.001    dx
0.001    dt
41      nx, locations first below
41      nx, locations first below
12    nt, times second below
0 0.1 0.2 0.3 0.4 0.5 0.6 0.7 0.8 0.9 1 1.1 1.2 1.3 1.4 1.5 1.6 1.7 1.8 1.9 2 2.1 2.2 2.3 2.4 2.5 2.6 2.7 2.8 2.9 3 3.1 3.2 3.3 3.4 3.5 3.6 3.7 3.8 3.9 4 
0 0.1 0.2 0.3 0.4 0.5 0.6 0.7 0.8 0.9 1 1.1 1.2 1.3 1.4 1.5 1.6 1.7 1.8 1.9 2 2.1 2.2 2.3 2.4 2.5 2.6 2.7 2.8 2.9 3 3.1 3.2 3.3 3.4 3.5 3.6 3.7 3.8 3.9 4 
0.2 0.4 0.6 0.8 1 1.2 1.4 1.6 1.8 2 3 4