3    method
1    diffusion coefficient
-0.5    order
0    focus
0.5    t1
5    t2
80    nz
1    theta
0.001    dx
0.001    dy
0.001    dt
50    nx
50    ny
1    nt
0 0.0816326530612245 0.163265306122449 0.244897959183673 0.326530612244898 0.408163265306122 0.489795918367347 0.571428571428571 0.653061224489796 0.73469387755102 0.816326530612245 0.897959183673469 0.979591836734694 1.06122448979592 1.14285714285714 1.22448979591837 1.30612244897959 1.38775510204082 1.46938775510204 1.55102040816327 1.63265306122449 1.71428571428571 1.79591836734694 1.87755102040816 1.95918367346939 2.04081632653061 2.12244897959184 2.20408163265306 2.28571428571429 2.36734693877551 2.44897959183673 2.53061224489796 2.61224489795918 2.69387755102041 2.77551020408163 2.85714285714286 2.93877551020408 3.02040816326531 3.10204081632653 3.18367346938776 3.26530612244898 3.3469387755102 3.42857142857143 3.51020408163265 3.59183673469388 3.6734693877551 3.75510204081633 3.83673469387755 3.91836734693878 4 
0 0.0816326530612245 0.163265306122449 0.244897959183673 0.326530612244898 0.408163265306122 0.489795918367347 0.571428571428571 0.653061224489796 0.73469387755102 0.816326530612245 0.897959183673469 0.979591836734694 1.06122448979592 1.14285714285714 1.22448979591837 1.30612244897959 1.38775510204082 1.46938775510204 1.55102040816327 1.63265306122449 1.71428571428571 1.79591836734694 1.87755102040816 1.95918367346939 2.04081632653061 2.12244897959184 2.20408163265306 2.28571428571429 2.36734693877551 2.44897959183673 2.53061224489796 2.61224489795918 2.69387755102041 2.77551020408163 2.85714285714286 2.93877551020408 3.02040816326531 3.10204081632653 3.18367346938776 3.26530612244898 3.3469387755102 3.42857142857143 3.51020408163265 3.59183673469388 3.6734693877551 3.75510204081633 3.83673469387755 3.91836734693878 4 
2 