1    method
1    diffusion coefficient
0    order
0    focus
0.5    t1
5    t2
20    nz
0.05    theta
0.001    dx
0.001    dt
21      nx, locations first below
12    nt, times second below
0 0.15707963267949 0.314159265358979 0.471238898038469 0.628318530717959 0.785398163397448 0.942477796076938 1.09955742875643 1.25663706143592 1.41371669411541 1.5707963267949 1.72787595947439 1.88495559215388 2.04203522483337 2.19911485751286 2.35619449019234 2.51327412287183 2.67035375555132 2.82743338823081 2.9845130209103 3.14159265358979 
0.2 0.4 0.6 0.8 1 1.2 1.4 1.6 1.8 2 3 4