1    method
1    diffusion coefficient
0    order
0    focus
0.5    t1
5    t2
20    nz
0.05    theta
0.001    dx
0.001    dt
81      nx, locations first below
12    nt, times second below
0 0.0392699081698724 0.0785398163397448 0.117809724509617 0.15707963267949 0.196349540849362 0.235619449019234 0.274889357189107 0.314159265358979 0.353429173528852 0.392699081698724 0.431968989868596 0.471238898038469 0.510508806208341 0.549778714378214 0.589048622548086 0.628318530717959 0.667588438887831 0.706858347057703 0.746128255227576 0.785398163397448 0.824668071567321 0.863937979737193 0.903207887907066 0.942477796076938 0.98174770424681 1.02101761241668 1.06028752058656 1.09955742875643 1.1388273369263 1.17809724509617 1.21736715326604 1.25663706143592 1.29590696960579 1.33517687777566 1.37444678594553 1.41371669411541 1.45298660228528 1.49225651045515 1.53152641862502 1.5707963267949 1.61006623496477 1.64933614313464 1.68860605130451 1.72787595947439 1.76714586764426 1.80641577581413 1.845685683984 1.88495559215388 1.92422550032375 1.96349540849362 2.00276531666349 2.04203522483337 2.08130513300324 2.12057504117311 2.15984494934298 2.19911485751286 2.23838476568273 2.2776546738526 2.31692458202247 2.35619449019234 2.39546439836222 2.43473430653209 2.47400421470196 2.51327412287183 2.55254403104171 2.59181393921158 2.63108384738145 2.67035375555132 2.7096236637212 2.74889357189107 2.78816348006094 2.82743338823081 2.86670329640069 2.90597320457056 2.94524311274043 2.9845130209103 3.02378292908018 3.06305283725005 3.10232274541992 3.14159265358979 
0.2 0.4 0.6 0.8 1 1.2 1.4 1.6 1.8 2 3 4