3    method
1    diffusion coefficient
0    order
0    focus
0.5    t1
5    t2
20    nz
1    sigma
0.001    dx
0.001    dt
41      nx, locations first below
1    nt, times second below
0 0.0785398163397448 0.15707963267949 0.235619449019234 0.314159265358979 0.392699081698724 0.471238898038469 0.549778714378214 0.628318530717959 0.706858347057703 0.785398163397448 0.863937979737193 0.942477796076938 1.02101761241668 1.09955742875643 1.17809724509617 1.25663706143592 1.33517687777566 1.41371669411541 1.49225651045515 1.5707963267949 1.64933614313464 1.72787595947439 1.80641577581413 1.88495559215388 1.96349540849362 2.04203522483337 2.12057504117311 2.19911485751286 2.2776546738526 2.35619449019234 2.43473430653209 2.51327412287183 2.59181393921158 2.67035375555132 2.74889357189107 2.82743338823081 2.90597320457056 2.9845130209103 3.06305283725005 3.14159265358979 
2