1    diffusion coefficient
0    order
0    focus
0.553574358897045    incline
0.5    t1
5    t2
101    nz
0.1    theta
0.01    dx
0.05    dt
0.05    dz
101      nx, locations first below
101    nt, times second below
0.000000000000000e+00 3.141592653589793e-02 6.283185307179587e-02 9.424777960769379e-02 1.256637061435917e-01 1.570796326794897e-01 1.884955592153876e-01 2.199114857512855e-01 2.513274122871835e-01 2.827433388230814e-01 3.141592653589793e-01 3.455751918948772e-01 3.769911184307752e-01 4.084070449666731e-01 4.398229715025710e-01 4.712388980384689e-01 5.026548245743669e-01 5.340707511102649e-01 5.654866776461628e-01 5.969026041820606e-01 6.283185307179586e-01 6.597344572538566e-01 6.911503837897545e-01 7.225663103256523e-01 7.539822368615503e-01 7.853981633974483e-01 8.168140899333463e-01 8.482300164692441e-01 8.796459430051421e-01 9.110618695410401e-01 9.424777960769378e-01 9.738937226128358e-01 1.005309649148734e+00 1.036725575684632e+00 1.068141502220530e+00 1.099557428756428e+00 1.130973355292326e+00 1.162389281828224e+00 1.193805208364121e+00 1.225221134900019e+00 1.256637061435917e+00 1.288052987971815e+00 1.319468914507713e+00 1.350884841043611e+00 1.382300767579509e+00 1.413716694115407e+00 1.445132620651305e+00 1.476548547187203e+00 1.507964473723101e+00 1.539380400258999e+00 1.570796326794897e+00 1.602212253330795e+00 1.633628179866693e+00 1.665044106402590e+00 1.696460032938488e+00 1.727875959474386e+00 1.759291886010284e+00 1.790707812546182e+00 1.822123739082080e+00 1.853539665617978e+00 1.884955592153876e+00 1.916371518689774e+00 1.947787445225672e+00 1.979203371761570e+00 2.010619298297468e+00 2.042035224833366e+00 2.073451151369264e+00 2.104867077905161e+00 2.136283004441060e+00 2.167698930976957e+00 2.199114857512855e+00 2.230530784048753e+00 2.261946710584651e+00 2.293362637120549e+00 2.324778563656447e+00 2.356194490192345e+00 2.387610416728243e+00 2.419026343264141e+00 2.450442269800039e+00 2.481858196335937e+00 2.513274122871834e+00 2.544690049407732e+00 2.576105975943630e+00 2.607521902479529e+00 2.638937829015426e+00 2.670353755551324e+00 2.701769682087222e+00 2.733185608623120e+00 2.764601535159018e+00 2.796017461694916e+00 2.827433388230814e+00 2.858849314766712e+00 2.890265241302609e+00 2.921681167838508e+00 2.953097094374406e+00 2.984513020910303e+00 3.015928947446201e+00 3.047344873982099e+00 3.078760800517997e+00 3.110176727053895e+00 3.141592653589793e+00 
0 0.1 0.2 0.3 0.4 0.5 0.6 0.7 0.8 0.9 1 1.1 1.2 1.3 1.4 1.5 1.6 1.7 1.8 1.9 2 2.1 2.2 2.3 2.4 2.5 2.6 2.7 2.8 2.9 3 3.1 3.2 3.3 3.4 3.5 3.6 3.7 3.8 3.9 4 4.1 4.2 4.3 4.4 4.5 4.6 4.7 4.8 4.9 5 5.1 5.2 5.3 5.4 5.5 5.6 5.7 5.8 5.9 6 6.1 6.2 6.3 6.4 6.5 6.6 6.7 6.8 6.9 7 7.1 7.2 7.3 7.4 7.5 7.6 7.7 7.8 7.9 8 8.1 8.2 8.3 8.4 8.5 8.6 8.7 8.8 8.9 9 9.1 9.2 9.3 9.4 9.5 9.6 9.7 9.8 9.9 10
